17 585 000
2 279 000
2 643 000
2 528 300
1 811 400
904 900
891 200
879 900
755 800
745 600
669 600
649 000
632 100
555 800
416 982
344 800
491 200
318 580
314 000
309 000
312 080
299 600
231 300
228 000
225 100
224 300
254 169
209 180
281 441
188 300
169 657
169 300
162 145
192 137
168 800
113 200
92 400
98 720
87 520
83 160
80 570
73 479
70 410
64 690
58 400
65 500
70 800
69 000
62 600
60 600
46 949
44 670
43 840
38 200
38 090
37 471
33 640
33 320
33 270
32 837
31 940
31 960
30 040
30 390
28 070
26 910
22 650
21 930
20 960
18 720
17 100
16 991
16 882
16 770
15 196
15 190
14 730
12 880
12 850
16 500
12 090
11 910
11 730
11 430
11 110
10 650
10 490
10 250
10 120
9 824
9 822
9 316
9 042
8 762
8 756
8 165
12 840
12 060
10 670
10 240
9 777
7 462
7 333
6 803
6 463
6 058
5 976
5 536
5 187
5 141
4 619
4 419
4 377
4 371
4 277
4 234
3 809
3 800
3 311
3 182
3 171
3 036
2 954
2 941
2 830
2 517
2 436
3 533
2 232
2 112
2 041
1 997
1 950
5 676
1 869
1 729
2 237
1 550
1 487
1 468
1 450
1 417
1 412
1 395
1 391
1 341
1 318
1 202
1 197
1 189
1 125
991
985
950
876
859
849
848
846
814
763
716,3
674
559
547
546
513
485
464
445,6
428
404
385
300
294
288
271
237
226
216
211
197,6
193
171,3
169,2
163
146,7
133
131
125
124
119,5
114
107
100
98,2
94
89,5
84,3
84
71
40
38
32
25,3
25
22
19,4
45
17
14
13,8
13
10
6,5
5,9
5,5
5,2
1,5
1
0,7
0,2
0,064